1111000000010000000000100000001111111111000000000010000000000010000000111100000000000000000000000000
1111000000001000000011110000000000000000000000000011110000000010000000111100000000000000000000000000
1111000000001000000011110000000000000000100000000011110000000010000000111100000000000000000000000000
1111000000001000000011110000000000000000000000000011110000000010000000111100000000000000001000000000
1111000000001000000011110000000000000000000000000011110000000010000000111100000000000000001000000000
1111000000001000000011110000000000000000000000000011110000000010000000111100000000000000001000000000
1111000000001000000011110000000000000000000000000011110000000010000000111100000000000000000000000000
1111000000001000000011110000000000000000100000000011110000000010000000111100000000000000001000000000
1111000000001000000011110000000000000000000000000011110000000010000000111100000000000000000000000000
1111000000001000000011110000000000000000000000000011110000000010000000111100000000000000001000000000
1111000000001000000011110000000000000000100000000011110000000010000000111100000000000000000000000000
1111000000001000000011110000000000000000100000000011110000000010000000111100000000000000001000000000
1111000000001000000011110000000000000000000000000011110000000010000000111100000000000000000000000000
1111000000001000000011110000000000000000000000000011110000000010000000111100000000000000001000000000
1111000000001000000011110000000000000000100000000011110000000010000000111100000000000000000000000000
1111000000001000000011110000000000000000100000000011110000000010000000111100000000000000001000000000
1111000000001000000011110000000000000000000000000011110000000010000000111100000000000000001000000000
1111000000001000000011110000000000000000100000000011110000000010000000111100000000000000001000000000
1111000000001000000011110000000000000000100000000011110000000010000000111100000000000000000000000000
1111000000001000000011110000000000000000100000000011110000000010000000111100000000000000001000000000
1111000000001000000011110000000000000000000000000011110000000010000000111100000000000000000000000000
1111000000001000000011110000000000000000000000000011110000000010000000111100000000000000001000000000
1111000000001000000011110000000000000000100000000011110000000010000000111100000000000000000000000000
1111000000001000000011110000000000000000100000000011110000000010000000111100000000000000000000000000
1111000000001000000011110000000000000000000000000011110000000010000000111100000000000000000000000000
1111000000001000000011110000000000000000000000000011110000000010000000111100000000000000000000000000
1111000000001000000011110000000000000000000000000011110000000010000000111100000000000000000000000000
1111000000001000000011110000000000000000100000000011110000000010000000111100000000000000000000000000
1111000000001000000011110000000000000000000000000011110000000010000000111100000000000000001000000000
1111000000001000000011110000000000000000100000000011110000000010000000111100000000000000001000000000
1111000000001000000011110000000000000000000000000011110000000010000000111100000000000000001000000000
1111000000001000000011110000000000000000000000000011110000000010000000111100000000000000001000000000
1111000000001000000011110000000000000000000000000011110000000010000000111100000000000000001000000000
1111000000001000000011110000000000000000100000000011110000000010000000111100000000000000001000000000
1111000000001000000011110000000000000000100000000011110000000010000000111100000000000000000000000000
1111000000001000000011110000000000000000100000000011110000000010000000111100000000000000001000000000
1111000000001000000011110000000000000000000000000011110000000010000000111100000000000000000000000000
1111000000001000000011110000000000000000100000000011110000000010000000111100000000000000000000000000
1111000000001000000011110000000000000000000000000011110000000010000000111100000000000000001000000000
1111000000001000000011110000000000000000100000000011110000000010000000111100000000000000001000000000
1111000000001000000011110000000000000000000000000011110000000010000000111100000000000000000000000000
1111000000001000000011110000000000000000000000000011110000000010000000111100000000000000001000000000
1111000000001000000011110000000000000000100000000011110000000010000000111100000000000000000000000000
1111000000001000000011110000000000000000100000000011110000000010000000111100000000000000001000000000
1111000000001000000011110000000000000000000000000011110000000010000000111100000000000000000000000000
1111000000001000000011110000000000000000000000000011110000000010000000111100000000000000001000000000
1111000000001000000011110000000000000000000000000011110000000010000000111100000000000000000000000000
1111000000001000000011110000000000000000100000000011110000000010000000111100000000000000001000000000
1111000000001000000011110000000000000000000000000011110000000010000000111100000000000000001000000000
1111000000001000000011110000000000000000000000000011110000000010000000111100000000000000000000000000
1111000000001000000011110000000000000000000000000011110000000010000000111100000000000000000000000000
1111000000001000000011110000000000000000100000000011110000000010000000111100000000000000000000000000
11110000000010000000111100000000000000000000000000111100000000000000001111