0111000000110000011100000011000001110000001100000111000000111000000111000000110000011100000011000001
1100000011100000011100000011000001110000001110000001110000001100000111000000111000000111000000110000
0111000000110000011100000011100000011100000011100000011100000011000001110000001100000111000000110000
0111000000111000000111000000111000000111000000110000011100000011100000011100000011100000011100000011
0000011100000011000001110000001100000111000000111000000111000000111000000111000000110000011100000011
1000000111000000111000000111000000110000011100000011100000011100000011100000011100000011100000011100
0000111000000111000000110000011100000011100000011100000011100000011100000011000001110000001100000111
0000001100000111000000111000000111000000111000000111000000110000011100000011100000011100000011000001
1100000011000001110000001100000111000000110000011100000011000001110000001100000111000000110000011100
0000111000000111000000110000011100000011000001110000001110000001110000001110000001110000001110000001
1100000011000001110000001110000001110000001100000111000000111000000111000000110000011100000011100000
0111000000111000000111000000111000000111000000111000000111000000110000011100000011100000011100000011
1000000111000000110000011100000011000001110000001110000001110000001100000111000000110000011100000011
1000000111000000111000000111000000111000000111000000110000011100000011000001110000001100000111000000
1110000001110000001110000001110000001100000111000000111000000111000000111000000111000000110000011100
0000110000011100000011000001110000001110000001110000001100000111000000110000011100000011100000011100
0000111000000111000000110000011100000011100000011100000011000001110000001100000111000000110000011100
000011000001110000001110000001110000001100000111000000110000011