.00 01.000 01.001 00.0 0.001 01.0010 01.0011 001.01 000.0011 01.0011 001.01 000.0011 01.0011 001.01
000.0011 001.010 01.0011 001.01 000.0011 01.0011 001.01 000.0011 01.0011 001.01 000.0011 01.0011
001.01 000.0011 01.0011 001.01 000.0011 001.010 01.0011 001.01 000.0011 01.0011 001.01 000.0011
001.010 01.0011 001.01 000.0011 001.010 01.0011 001.01 000.0011 01.0011 001.01 000.0011 01.0011
001.01 000.0011 001.010 01.0011 001.01 000.0011 01.0011 001.01 000.0011 01.0011 001.01 000.0011
01.0011 001.01 000.0011 001.010 01.0011 001.01 000.0011 001.010 01.0011 001.01 000.0011 01.0011
001.01 000.0011 001.010 01.0011 001.01 000.0011 001.010 01.0011 001.01 000.0011 01.0011 001.01
000.0011 01.0011 001.01 000.0011 01.0011 001.01 000.0011 001.010 01.0011 001.01 000.0011 001.010
01.0011 001.01 000.0011 001.010 01.0011 001.01 000.0011 01.0011 001.01 000.0011 01.0011 001.01
000.0011 001.010 01.0011 001.01 000.0011 01.0011 001.01 000.0011 01.0011 001.01 000.0011 001.010
01.0011 001.01 000.0011 001.010 01.0011 001.01 000.0011 01.0011 001.01 000.0011 001.010 01.0011
001.01 000.0011 001.010 01.0011 001.01 000.0011 001.010 01.0011 001.01 000.0011 001.010 01.0011
001.01 000.0011 01.0011 001.01 000.0011 001.010 01.0011 001.01 000.0011 01.0011 001.01 000.0011
001.010 01.0011 001.01 000.0011 01.0011 001.01 000.0011 001.010 01.0011 001.01 000.0011 001.010
01.0011 001.01 000.0011 001.010 01.0011 001.01 000.0011 01.0011 001.01 000.0011 01.0011 001.01
000.0011 001.010 01.0011 001.01 000.0011 01.0011 001.01 000.0011 01.0011 001.01 000.0011 01.0011
001.01 000.0011 01.0011 001.01 000.0011 01.0011 001.01 000.0011 01.0011 001.01 000.0011 01.0011
001.01 000.0011 001.010 01.0011 001.01 000.0011 01.0011 001.01 000.0011 001.010 01.0011 001.01
000.0011 001.010 01.0011 001.01 000.0011 01.0011 001.01 000.0011 01.0011 001.01 000.0011 01.0011
001.01 000.0011 001.010 01.0011 001.01 000.0011 001.010 01.0011 001.01 000.0011 01.0011 001.01
000.0011 001.010 01.0011 001.01 000.0011 001.010 01.0011 001.01 000.0011 001.010 01.0011 001.01
000.0011 001.010 01.0011 001.01 000.0011 01.0011 001.01 000.0011 001.010 01.0011 001.01 000.0011
001.010 01.0011 001.01 000.0011 01.0011 001.01 000.0011 001.010 01.0011 001.01 000.0011 001.010
01.0011 001.01 000.0011 01.0011 001.01 000.0011 01.0011 001.01 000.0011 01.0011 001.01 000.0011
001.010 01.0011 001.01 000.0011 001.010 01.0011 001.01 000.0011 01.0011 001.01 000.0011 001.010
01.0011 001.01 000.0011 001.010 01.0011 001.01 000.0011 01.0011 001.01 000.0011 01.0011 001.01
000.0011 01.0011 001.01 000.0011 001.010 01.0011 001.01 000.0011 001.010 01.0011 001.01 000.0011
01.0011 001.01 000.0011 01.0011 001.01 000.0011 001.010 01.0011 001.01 000.0011 01.0011 001.01
000.0011 001.010 01.0011 001.01 000.0011 01.0011 001.01 000.0011 001.010 01.0011 001.01 000.0011
01.0011 001.01 000.0011 01.0011 001.01 000.0011 001.010 01.0011 001.01 000.0011 01.0011 001.01
000.0011 01.0011 001.01 000.0011 01.1 