0(4)3333333334(4444444444444444444444444444444444444444444444444444444444444444444444444444444444444
4444444444444444444444444444444444444444444444444444444444444444444444444444444444444444444444444444
4444444444444444444444444444444444444444444444444444444444444444444444444444444444444444444444444444
4444444444444444444444444444444444444444444444444444444444444444444444444444444444444444444444444444
4444444444444444444444444444444444444444444444444444444444444444444444444444444444444444444444444444
444444444444444444444444453(4)5(44444444444444444444444444444444444444444444444444444444444444444444
4444444444444444444444444444444444444444444444444444444444444444444444444444444444444444444444444444
444444444444444444444444444444444444444444444444444444444444444444444444444444444444444545)244444444
4444444444444444444444444444444444444444444444444444444444444444444444444444444444444444444444444444
4444444444444444444444444444444444444444444444444444444444444444444444444444444444444444444444444444
44444444444444444444444444444444444444444444444(53(4)5(444444444444444444444444444444444444444444444
4444444444444444444444444444444444444444444444444444444444444444444444444444444444444444444444444444
4444444444444444444444444444444444444444444444444444444444444444444444444444444444444444444444444444
4444444444545)253(4)5(444444444444444444444444444444444444444444444444444444444444444444444444444444
4444444444444444444444444444444444444444444444444444444444444444444444444444444444444444444444444444
44444444444444444444444444444444444444444444444444444444444444444444444444444545)2453(4)5(4444444444
4444444444444444444444444444444444444444444444444444444444444444444444444444444444444444444444444444
4444444444444444444444444444444444444444444444444444444444444444444444444444444444444444444444444444
444444444444444444444444444444444444444444444545)244444444444444444444444444444444444444444444444444
4444444444444444444444444444444444444444444444444444444444444444444444444444444444444444444444444444
4444444444444444444444444444444444444444444444444444444444444444444444444444444444444444444444444444
4444444444444444444444444444444444444444444444444444444444444444444444444444444444444444444444444444
4444444444444444444444444444444444444444444444444444444444444444444444444444444444444444444444444444
4444444444444444444444444444444444444444444444444444444444444444444444444444444444444444444444444444
4444444444444444444444444444444444444444444444444444444444444444444444444444444444444444444444444444
4444444444444444444444444444444444444444444444444444444444444444444444444444444444444444444444444444
4444444444444444444444444444444444444444444444444444444444444444444444444444444444444444444444444444
4444444444444444444444444444444444444444444444444444444444444444444444444444444444444444444444444444
4444444444444444444444444444444444444444444444444444444444444444444444444444444444444444444444444444
4444444444444444444444444444444444444444444444444444444444444444444444444444444444444444444444444444
4444444444444444444444444444444444444444444444444444444444444444444444444444444444444444444444444444
44444444444444444444444443(4)5(444444444444444444444444444444444444444444444444444444444444444444444
4444444444444444444444444444444444444444444444444444444444444444444444444444444444444444444444444444
44444444444444444444444444444444444444444444444444444444444444444444444444444444444444545)253(4)5(44
4444444444444444444444444444444444444444444444444444444444444444444444444444444444444444444444444444
4444444444444444444444444444444444444444444444444444444444444444444444444444444444444444444444444444
44444444444444444444444444444444444444444444444444444545)25)3(4)5(4444444444444444444444444444444444
4444444444444444444444444444444444444444444444444444444444444444444444444444444444444444444444444444
4444444444444444444444444444444444444444444444444444444444444444444444444444444444444444444444444444
444444444444444444444545)254444444444444444444444444444444444444444444444444444444444444444444444444
4444444444444444444444444444444444444444444444444444444444444444444444444444444444444444444444444444
4444444444444444444444444444444444444444444444444444444444444444444444444444444444444444444444444444
4444444444444444444444444444444444444444444444444444444444444444444444444444444444444444444444444444
4444444444444444444444444444444444444444444444444444444444444444444444444444444444444444444444444444
44444444444444444444444444444444444443(4)5(444444444444444444444444444444444444444444444444444444444
4444444444444444444444444444444444444444444444444444444444444444444444444444444444444444444444444444
4444444444444444444444444444444444444444444444444444444444444444444444444444444444444444444444444454
5)25444444444444444444444444444444444444444444444444444444444444444444444444444444444444444444444444
4444444444444444444444444444444444444444444444444444444444444444444444444444444444444444444444444444
4444444444444444444444444444444444444444444444444444444444444444444444444444444444444444444444444444
4444444444444444444444444444444444444444444444444444444444444444444444444444444444444444444444444444
4444444444444444444444444444444444444444444444444444444444444444444444444444444444444444444444444444
4444444444444444444444444444444444444444444444444444444444444444444444444444444444444444444444444444
4444444444444444444444444444444444444444444444444444444444444444444444444444444444444444444444444444
444444444444444444444444444444444444444444444444444444444444444444444)53(4)5(44444444444444444444444
4444444444444444444444444444444444444444444444444444444444444444444444444444444444444444444444444444
4444444444444444444444444444444444444444444444444444444444444444444444444444444444444444444444444444
44444444444444444444444444444444545)2444444444444444444444444444444444444444444444444444444444444444
4444444444444444444444444444444444444444444444444444444444444444444444444444444444444444444444444444
444444444444444444444444444444444444444444444444444444444444444444444444444444444444444444443153(4)5
(444444444444444444444444444444444444444444444444444444444444444444444444444444444444444444444444444
4444444444444444444444444444444444444444444444444444444444444444444444444444444444444444444444444444
44444444444444444444444444444444444444444444444444444444545)253(4)5(44444444444444444444444444444444
4444444444444444444444444444444444444444444444444444444444444444444444444444444444444444444444444444
4444444444444444444444444444444444444444444444444444444444444444444444444444444444444444444444444444
44444444444444444444444545)253(4)5(44444444444444444444444444444444444444444444444444444444444444444
4444444444444444444444444444444444444444444444444444444444444444444444444444444444444444444444444444
444444444444444444444444444444444444444444444444444444444444444444444444444444444444444444545)243153
(4)5(44444444444444444444444444444444444444444444444444444444444444444444444444444444444444444444444
4444444444444444444444444444444444444444444444444444444444444444444444444444444444444444444444444444
444444444444444444444444444444444444444444444444444444444444545)253(4)5(4444444444444444444444444444
4444444444444444444444444444444444444444444444444444444444444444444444444444444444444444444444444444
4444444444444444444444444444444444444444444444444444444444444444444444444444444444444444444444444444
444444444444444444444444444545)23131444(3153(4)5(444444444444444444444444444444444444444444444444444
4444444444444444444444444444444444444444444444444444444444444444444444444444444444444444444444444444
4444444444444444444444444444444444444444444444444444444444444444444444444444444444444444444444444444
4444545)2)3(4)5(444444444444444444444444444444444444444444444444444444444444444444444444444444444444
4444444444444444444444444444444444444444444444444444444444444444444444444444444444444444444444444444
44444444444444444444444444444444444444444444444444444444444444444444444545)253(4)5(44444444444444444
4444444444444444444444444444444444444444444444444444444444444444444444444444444444444444444444444444
4444444444444444444444444444444444444444444444444444444444444444444444444444444444444444444444444444
44444444444444444444444444444444444444545)253(4)5(44444444444444444444444444444444444444444444444444
4444444444444444444444444444444444444444444444444444444444444444444444444444444444444444444444444444
4444444444444444444444444444444444444444444444444444444444444444444444444444444444444444444444444444
44444545)253(4)5(44444444444444444444444444444444444444444444444444444444444444444444444444444444444
4444444444444444444444444444444444444444444444444444444444444444444444444444444444444444444444444444
444444444444444444444444444444444444444444444444444444444444444444444444545)253144431444444444444444
4444444444444444444444444444444444444444444444444444444444444444444444444444444444444444444444444444
4444444444444444444444444444444444444444444444444444444444444444444444444444444444444444444444444444
4444444444444444444444444444444444444444444444444444444444444444444444444444444444444444444444444444
4444444444444444444444444444444444444444444444444444444444444444444444444444444444444444444444444444
4444444444444444444444444444444444444444444444444444444444444444444444444444444444444444444444444444
4444444444444444444444444444444444444444444444444444444444444444444444444444444444444444444444444444
4444444444444444444444444444444444444444444444444444444444444444444444444444444444444444444444444444
4444444444444444444444444444444444444444444444444444444444444444444444444444444444444444444444444444
4444444444444444444444444444444444444444444444444444444444444444444444444444444444444444444444444444
4444444444444444444444444444444444444444444444444444444444444444444444444444444444444444444444444444
4444444444444444444444444444444444444444444444444444444444444444444444444444444444444444444444444444
4444444444444444444444444444444444444444444444444444444444444444444444444444444444444444444444444444
4444444444444444444444444444444444444444444444444444444444444444444444444444444444444444444444444444
4444444444444444444444444444444444444444444444444444444444444444444444444444444444444444444444444444
4444444444444444444444444444444444444444444444444444444444444444444444444444444444444444444444444444
444444444444444313(4)5(44444444444444444444444444444444444444444444444444444444444444444444444444444
4444444444444444444444444444444444444444444444444444444444444444444444444444444444444444444444444444
444444444444444444444444444444444444444444444444444444444444444444444444444444545)253(4)5(4444444444
4444444444444444444444444444444444444444444444444444444444444444444444444444444444444444444444444444
4444444444444444444444444444444444444444444444444444444444444444444444444444444444444444444444444444
444444444444444444444444444444444444444444444545)254444444444444444444444444444444444444444444444444
4444444444444444444444444444444444444444444444444444444444444444444444444444444444444444444444444444
4444444444444444444444444444444444444444444444444444444444444444444444444444444444444444444444444444
4444443153(4)5(4444444444444444444444444444444444444444444444444444444444444444444444444444444444444
4444444444444444444444444444444444444444444444444444444444444444444444444444444444444444444444444444
4444444444444444444444444444444444444444444444444444444444444444444444545)253(4)5(444444444444444444
4444444444444444444444444444444444444444444444444444444444444444444444444444444444444444444444444444
4444444444444444444444444444444444444444444444444444444444444444444444444444444444444444444444444444
4444444444444444444444444444444444444545)253(4)5(444444444444444444444444444444444444444444444444444
4444444444444444444444444444444444444444444444444444444444444444444444444444444444444444444444444444
4444444444444444444444444444444444444444444444444444444444444444444444444444444444444444444444444444
4444545)253(4)5(444444444444444444444444444444444444444444444444444444444444444444444444444444444444
4444444444444444444444444444444444444444444444444444444444444444444444444444444444444444444444444444
44444444444444444444444444444444444444444444444444444444444444444444444545)2431